============================================================================================================================================
Model/Alpha              MRR        mAP@5      mAP@10     mAP@50     Prec@1     Prec@5     Prec@10    Prec@50    Rec@1      Rec@5      Rec@10     Rec@50
------------------------------------------------------------------------------------------------------------------------------------------------------------
OpenCLIP alpha=0.00      0.2528     0.2270     0.2394     0.2507     0.1620     0.0677     0.0432     0.0131     0.1620     0.3386     0.4324     0.6540
OpenCLIP alpha=0.25      0.2575     0.2294     0.2434     0.2554     0.1620     0.0694     0.0452     0.0138     0.1620     0.3470     0.4517     0.6877
OpenCLIP alpha=0.50      0.2647     0.2356     0.2501     0.2628     0.1620     0.0734     0.0477     0.0145     0.1620     0.3668     0.4767     0.7265
OpenCLIP alpha=0.75      0.2561     0.2279     0.2418     0.2542     0.1536     0.0719     0.0463     0.0141     0.1536     0.3593     0.4630     0.7065
OpenCLIP alpha=1.00      0.1253     0.0985     0.1104     0.1225     0.0596     0.0342     0.0260     0.0100     0.0596     0.1710     0.2604     0.5023


Model                               MRR    mAP@5    mAP@10    mAP@50      R@1      R@5      R@10      R@50
----------------------------------------------------------------------------------------------------------
Searle w=1.00                    0.1226   0.0945    0.0985    0.1005   0.0688   0.1337    0.1651    0.1947

============================================================================================================================================
cirr Dataset
============================================================================================================================================
Model/Alpha          MRR        mAP@5      mAP@10     Prec@1     Prec@5     Prec@10    Rec@1      Rec@5      Rec@10    Rec@5     Rec@10    Rec@50
-----------------------------------------------------------------------------------------------------------------------
CLIP alpha=0.00      0.2496     0.2245     0.2368     0.1620     0.0666     0.0426     0.1620     0.3330     0.4263
CLIP alpha=0.25      0.2530     0.2265     0.2394     0.1620     0.0680     0.0438     0.1620     0.3402     0.4381
CLIP alpha=0.50      0.2580     0.2304     0.2437     0.1620     0.0707     0.0454     0.1620     0.3535     0.4538
CLIP alpha=0.75      0.2473     0.2183     0.2329     0.1514     0.0679     0.0448     0.1514     0.3393     0.4483
CLIP alpha=1.00      0.1072     0.0823     0.0927     0.0461     0.0308     0.0232     0.0461     0.1541     0.2322
Searle               0.2054     0.1746     0.1889     0.1104     0.0595     0.0407     0.1104     0.2973     0.4073
Searle               0.1226     0.0945     0.0985     0.1005     0.0688   0.1337    0.1651    0.1947

Clip-Fusion          0.2580     0.2304     0.2437     0.1620     0.0707     0.0454     0.1620     0.3535     0.4538
Blip                 0.2523     0.2260     0.2395     0.1620     0.0682     0.0442     0.1620     0.3412     0.4420
SigLIP               0.2587     0.2315     0.2458     0.1620     0.0706     0.0460     0.1620     0.3530     0.4599
SigLIP2              0.2456     0.2227     0.2344     0.1620     0.0660     0.0418     0.1620     0.3299     0.4181

SigLIP2              0.2607     0.2338     0.2477     0.1625     0.0721     0.0465     0.1625     0.3605     0.4652
OpenCLIP alpha=0.00  0.2528     0.2270     0.2394     0.2507     0.1620     0.0677     0.0432     0.0131     0.1620     0.3386     0.4324     0.6540
OpenCLIP alpha=0.25  0.2575     0.2294     0.2434     0.2554     0.1620     0.0694     0.0452     0.0138     0.1620     0.3470     0.4517     0.6877
OpenCLIP alpha=0.50  0.2647     0.2356     0.2501     0.2628     0.1620     0.0734     0.0477     0.0145     0.1620     0.3668     0.4767     0.7265
OpenCLIP alpha=0.75  0.2561     0.2279     0.2418     0.2542     0.1536     0.0719     0.0463     0.0141     0.1536     0.3593     0.4630     0.7065
OpenCLIP alpha=1.00  0.1253     0.0985     0.1104     0.1225     0.0596     0.0342     0.0260     0.0100     0.0596     0.1710     0.2604     0.5023
CLIP-sep alpha=0.00  0.2496     0.2245     0.2368     0.1620     0.0666     0.0426     0.1620     0.3330     0.4263
CLIP-sep alpha=0.25  0.2575     0.2297     0.2430     0.1618     0.0705     0.0453     0.1618     0.3523     0.4533
CLIP-sep alpha=0.50  0.2376     0.2087     0.2234     0.1413     0.0660     0.0441     0.1413     0.3301     0.4410
CLIP-sep alpha=0.75  0.1473     0.1180     0.1313     0.0697     0.0426     0.0314     0.0697     0.2129     0.3142
CLIP-sep alpha=1.00  0.1072     0.0823     0.0926     0.0461     0.0308     0.0232     0.0461     0.1541     0.2322


CLIP-beta a=0.00 b=0.00 0.2407     0.2144     0.2275     0.1546     0.0632     0.0415     0.1546     0.3161     0.4148
CLIP-beta a=0.25 b=0.00 0.2440     0.2169     0.2298     0.1546     0.0651     0.0422     0.1546     0.3253     0.4222
CLIP-beta a=0.50 b=0.00 0.2483     0.2204     0.2337     0.1546     0.0676     0.0437     0.1546     0.3378     0.4372
CLIP-beta a=0.75 b=0.00 0.2376     0.2079     0.2230     0.1437     0.0645     0.0435     0.1437     0.3226     0.4350
CLIP-beta a=1.00 b=0.00 0.1151     0.0885     0.1000     0.0509     0.0324     0.0247     0.0509     0.1618     0.2467
CLIP-beta a=0.00 b=0.25 0.2487     0.2229     0.2357     0.1618     0.0658     0.0425     0.1618     0.3289     0.4251
CLIP-beta a=0.25 b=0.25 0.2517     0.2250     0.2378     0.1616     0.0674     0.0433     0.1616     0.3371     0.4333
CLIP-beta a=0.50 b=0.25 0.2550     0.2273     0.2406     0.1611     0.0696     0.0448     0.1611     0.3480     0.4476
CLIP-beta a=0.75 b=0.25 0.2416     0.2121     0.2272     0.1476     0.0660     0.0443     0.1476     0.3299     0.4430
CLIP-beta a=1.00 b=0.25 0.1159     0.0894     0.1008     0.0514     0.0327     0.0249     0.0514     0.1637     0.2491
CLIP-beta a=0.00 b=0.50 0.2494     0.2238     0.2365     0.1620     0.0663     0.0429     0.1620     0.3316     0.4290
CLIP-beta a=0.25 b=0.50 0.2530     0.2266     0.2393     0.1620     0.0682     0.0438     0.1620     0.3410     0.4379
CLIP-beta a=0.50 b=0.50 0.2577     0.2305     0.2434     0.1623     0.0710     0.0452     0.1623     0.3550     0.4524
CLIP-beta a=0.75 b=0.50 0.2453     0.2160     0.2308     0.1502     0.0672     0.0447     0.1502     0.3361     0.4468
CLIP-beta a=1.00 b=0.50 0.1161     0.0897     0.1009     0.0514     0.0331     0.0249     0.0514     0.1654     0.2491
CLIP-beta a=0.00 b=0.75 0.2497     0.2243     0.2369     0.1620     0.0665     0.0428     0.1620     0.3323     0.4283
CLIP-beta a=0.25 b=0.75 0.2533     0.2268     0.2395     0.1620     0.0683     0.0437     0.1620     0.3415     0.4369
CLIP-beta a=0.50 b=0.75 0.2581     0.2310     0.2438     0.1620     0.0714     0.0454     0.1620     0.3571     0.4538
CLIP-beta a=0.75 b=0.75 0.2476     0.2183     0.2332     0.1519     0.0679     0.0450     0.1519     0.3393     0.4502
CLIP-beta a=1.00 b=0.75 0.1118     0.0856     0.0968     0.0461     0.0326     0.0245     0.0461     0.1628     0.2455
CLIP-beta a=0.00 b=1.00 0.2496     0.2245     0.2368     0.1620     0.0666     0.0426     0.1620     0.3330     0.4263
CLIP-beta a=0.25 b=1.00 0.2530     0.2265     0.2394     0.1620     0.0680     0.0438     0.1620     0.3402     0.4381
CLIP-beta a=0.50 b=1.00 0.2580     0.2304     0.2437     0.1620     0.0707     0.0454     0.1620     0.3537     0.4538
CLIP-beta a=0.75 b=1.00 0.2473     0.2183     0.2329     0.1514     0.0679     0.0448     0.1514     0.3393     0.4483
CLIP-beta a=1.00 b=1.00 0.1072     0.0823     0.0927     0.0461     0.0308     0.0232     0.0461     0.1541     0.2322

blip2
Qwen

============================================================================================================================================
circo Dataset
============================================================================================================================================
Model/Alpha          MRR        mAP@5      mAP@10     Prec@1     Prec@5     Prec@10    Rec@1      Rec@5      Rec@10
-----------------------------------------------------------------------------------------------------------------------
CLIP alpha=0.00      0.2277     0.1848     0.2133     0.0000     0.0973     0.0686     0.0000     0.4864     0.6864
CLIP alpha=0.25      0.2513     0.2174     0.2367     0.0000     0.1145     0.0714     0.0000     0.5727     0.7136
CLIP alpha=0.50      0.2751     0.2406     0.2649     0.0000     0.1236     0.0800     0.0000     0.6182     0.8000
CLIP alpha=0.75      0.2990     0.2683     0.2895     0.0364     0.1291     0.0795     0.0364     0.6455     0.7955
CLIP alpha=1.00      0.2179     0.1871     0.2035     0.1273     0.0600     0.0418     0.1273     0.3000     0.4182
Searle               0.3354     0.3052     0.3254     0.0955     0.1318     0.0809     0.0955     0.6591     0.8091
CLIP-Fusion          0.2060     0.1614     0.1899     0.0000     0.0855     0.0636     0.0000     0.4273     0.6364
CLIP-Fusion          0.2751     0.2406     0.2649     0.0000     0.1236     0.0800     0.0000     0.6182     0.8000
siglip
blip
blip2
Qwen